C minimums:
0.000000000000000000000000000000000000000000000000000000000000
0.669144482600000034544507343525765463709831237792968750000000
0.000000000000000000000000000000000000000000000000000000000000
0.000000000000000000000000000000000000000000000000000000000000
0.000000000000000000000000000000000000000000000000000000000000
0.000000000000000000000000000000000000000000000000000000000000
C ranges:
1.500000000000000000000000000000000000000000000000000000000000
0.330855517399999965455492656474234536290168762207031250000000
0.118511546699999997800389905933116097003221511840820312500000
17.891293948199997743131461902521550655364990234375000000000000
0.119256194299999992991523356522520771250128746032714843750000
18.019498107800000497036307933740317821502685546875000000000000
